15897768190450, -0.00031687164825706487, 
55642191634855, -0.0002929028568512308, 
19077321903960, -0.00031515228512218993, 
87437733914355, -0.0003124034710977337, 
58821745769530, -0.0002804874620562336, 
52462637551203, -0.0002362288110998257, 
30205760087129, -9.398832166863773e-6, 
41334198601020, -0.0002968646602275021, 
62001299884758, -0.00018259576961904067, 
14308037711883, -0.00030698874229097295, 
46103644222801, -0.0001258404331931232, 
47693306494440, -9.561622227536348e-5, 
71539962483420, -9.933676800371707e-5, 
82668402416704, -9.886118768018873e-5, 
84258179654383, -0.00023282709569691536, 
81079182596193, -0.00015750470334751742, 
28616179233510, -0.00030469046032581293, 
54052825606212, -0.00016521595665403097, 
39744534800375, -0.00031718395907727036, 
63591514145560, -0.0002641272367374086, 
12718313491952, -0.00032777535323384564, 
33385542554175, -0.00027317087657904957, 
60412066872202, -0.0002687065055786018, 
66771119389044, -0.00017658670491779385, 
17487729912389, -0.00032206919428880984, 
38154906391680, -3.343027858292792e-5, 
68360877921348, -2.3669912423454608e-5, 
69950722914688, -0.00015106865282457792, 
9538742901390, -8.776203273535936e-5, 
27026591683872, -0.00031576332494043507, 
20667409613383, -0.00032331413198236357, 
95387971215240, -0.0002359760322622026, 
23846881969470, -0.00028701174185757406, 
79489769164450, -0.00027454120838984444, 
36565449051341, -0.0002901277090833862, 
49283883240115, -0.00014891794597271692, 
44514363853540, -0.000262796777006441, 
