34975090351212, -0.00015320332717329099, 
90617291286327, -0.00016719788111829728, 
76309297350960, -0.0003043254993324629, 
6359115604600, -0.00016643630704345143, 
20667125923470, -0.00031904385514557455, 
79489041149600, -0.00010184728594316729, 
85848252785244, -0.0002922705290426808, 
87438172417750, -0.00031125382852374326, 
42924237326739, -0.0001909785339735541, 
54052810884654, -0.00033187814544854413, 
19077474295656, -0.0001336708429343633, 
84258866664551, -0.00032778061407481336, 
12718321929848, -0.0002145544540598725, 
28616233945860, -0.00015458342240964117, 
22257105807048, -9.904879364327422e-5, 
39744838349275, -6.654663338737897e-5, 
81079486081638, -0.00022942397825278266, 
47693832275040, -0.00022852557825131677, 
89028563341704, -0.00018886618105033964, 
7948986387085, -0.0001319689938325565, 
